mtllib materials.mtl
v 0.6214452 -0.6200962 0.6200173
v -0.6185551 -0.6200962 0.6200168
v -0.6185551 -0.6200962 0.6900169
v 0.6214452 -0.6200962 0.6900173
v 0.6214457 -0.6200964 -0.6199828
v 0.6214457 0.6199037 -0.619983
v 0.6914457 0.6199037 -0.6199831
v 0.6914455 -0.6200964 -0.6199827
v 0.6914451 -0.6200962 0.6200174
v 0.6214452 0.6199037 0.6200171
v -0.6185551 0.6199037 0.6200167
v -0.6185551 0.6199037 0.6900167
v 0.6214452 0.6199037 0.6900171
v -0.6185546 -0.6200964 -0.6199833
v -0.6185546 0.6199037 -0.6199835
v -0.6885548 0.6199037 -0.6199836
v -0.688555 0.6199037 0.6200166
v 0.6214455 0.6199037 -0.689983
v -0.6185546 0.6199037 -0.6899835
v 0.6914454 0.6199037 0.6200171
v 0.6214452 0.6899039 0.6200171
v -0.6185551 0.6899039 0.6200167
v -0.6185551 0.6799041 0.6200168
v 0.6214452 0.6799041 0.6200171
v -0.6185546 -0.6200964 -0.6899832
v 0.6214455 -0.6200964 -0.6899828
v -0.688555 -0.6200962 0.6200168
v -0.6885545 -0.6200964 -0.6199833
v 0.6214452 -0.6900961 0.6200173
v 0.6214455 -0.6900964 -0.6199828
v -0.6185546 0.6899039 -0.6199835
v -0.6885548 0.6899039 -0.6199836
v -0.688555 0.6899039 0.6200167
v -0.6185544 -0.6900963 -0.6899832
v -0.6185546 -0.6900964 -0.6199833
v -0.6885545 0.6199037 -0.6899835
v -0.6885545 -0.6200964 -0.6899833
v -0.6185546 0.6899039 -0.6899835
v -0.6185551 0.6899039 0.6900167
v -0.688555 -0.6200962 0.6900169
v -0.688555 0.6199037 0.6900166
v -0.6185551 -0.6900961 0.6200171
v -0.6185551 -0.6900961 0.690017
v -0.688555 -0.6900961 0.6200169
v -0.6885545 -0.6900963 -0.6199833
v 0.6214452 0.6899039 0.6900171
v 0.6914454 0.6899039 0.6200171
v 0.6214455 0.6899039 -0.6199831
v 0.6914457 0.6899039 -0.6199831
v 0.6214455 0.6899039 -0.6899831
v 0.6914456 -0.6200964 -0.6899828
v 0.6914456 0.6199037 -0.689983
v 0.6214455 -0.6900963 -0.6899828
v 0.6214452 -0.6900961 0.6900173
v 0.6914451 0.6199037 0.6900172
v 0.6914451 -0.6200962 0.6900175
v 0.6914457 -0.6900963 -0.6199828
v 0.6914454 -0.690096 0.6200173
v -0.6185546 0.6799036 -0.6199836
v 0.6214455 0.6799036 -0.619983
v -0.6185548 0.6599041 0.6200168
v 0.6214452 0.6599041 0.6200171
v -0.6185546 0.6599036 -0.6199836
v 0.6214455 0.6599036 -0.619983
v -0.6185548 0.6399041 0.6200168
v 0.6214452 0.6399041 0.6200171
v -0.6185544 0.6399037 -0.6199836
v 0.6214455 0.6399037 -0.619983
v 0.6914454 0.6899036 0.6900173
v 0.6914458 0.6899036 -0.689983
v -0.6885548 0.6899036 -0.6899837
v -0.6885552 0.6899036 0.6900167
v -0.6885552 -0.6900961 0.690017
v -0.6885548 -0.6900965 -0.6899834
v 0.6914456 -0.6900964 -0.689983
v 0.6914454 -0.6900961 0.6900177
v 0.6199296 0.6851114 0.5682278
v 0.6694579 0.684949 0.6176941
v 0.619997 0.6837043 0.6672127
v 0.5704688 0.6838666 0.6177464
v 0.6206944 0.6151227 0.5672324
v 0.5712335 0.6138779 0.616751
v 0.6207619 0.6137155 0.6662173
v 0.6702226 0.6149603 0.6166987
v -0.6896873 0.687996 -0.640833
v -0.6402268 0.6892411 -0.6903516
v -0.6889229 0.6180073 -0.6418284
v -0.639462 0.6192521 -0.6913469
v 0.5774503 -0.6148888 -0.634057
v 0.6269166 -0.6150512 -0.6835853
v 0.6764352 -0.6162959 -0.6341246
v 0.6269689 -0.6161336 -0.5845963
v 0.5764549 -0.6848776 -0.6348218
v 0.6259735 -0.6861224 -0.5853611
v 0.6754398 -0.6862847 -0.6348894
v 0.6259212 -0.68504 -0.6843501
v -0.6316106 -0.6120036 0.6755601
v -0.6811292 -0.6107588 0.6260995
v -0.632606 -0.6819924 0.6747955
v -0.6821246 -0.6807476 0.6253346
v -0.6148345 -0.6193973 -0.5815785
v -0.6643627 -0.6195597 -0.6310449
v -0.614902 -0.6208044 -0.6805634
v -0.5653737 -0.6206421 -0.631097
v -0.6154883 -0.6792471 -0.5807272
v -0.5660276 -0.6804919 -0.6302458
v -0.6156666 -0.6907932 -0.6795679
v -0.6651275 -0.6895485 -0.6300495
v 0.6947824 -0.6165124 0.6274827
v 0.6453218 -0.6152675 0.6770012
v 0.6941288 -0.6763622 0.6283343
v 0.644668 -0.6751174 0.6778529
v 0.5674509 0.6806027 -0.6240571
v 0.6169173 0.6804403 -0.6735854
v 0.6664358 0.6791955 -0.6241246
v 0.6169695 0.6793579 -0.5745963
v 0.5664555 0.6106139 -0.6248218
v 0.6159741 0.6093692 -0.5753611
v 0.6654404 0.6092068 -0.6248894
v 0.6159219 0.6104516 -0.6743501
v -0.6316168 0.6834551 0.6755546
v -0.6811354 0.6846999 0.626094
v -0.6326122 0.6134664 0.67479
v -0.6821306 0.6147112 0.6253291
v 0.6260287 0.5759078 -0.6801711
v 0.675557 0.6253742 -0.6800088
v 0.6260962 0.6748928 -0.678764
v 0.5765679 0.6254264 -0.6789264
v 0.6267934 0.5749124 -0.6101823
v 0.5773326 0.624431 -0.6089376
v 0.626861 0.6738974 -0.6087753
v 0.6763217 0.6243788 -0.61002
v -0.683588 -0.6331532 -0.6830559
v -0.6341276 -0.6826718 -0.6843007
v -0.6828237 -0.6341486 -0.6130672
v -0.6333628 -0.6836671 -0.6143119
v 0.57355 -0.6163769 -0.6756624
v 0.6230165 -0.6659052 -0.6755001
v 0.6725349 -0.6164444 -0.6742554
v 0.6230686 -0.5669161 -0.6744177
v 0.5725546 -0.6171417 -0.6056737
v 0.6220731 -0.567681 -0.6044289
v 0.6715395 -0.6172091 -0.6042666
v 0.622021 -0.6666699 -0.6055113
v -0.6255341 0.6832503 -0.6785148
v -0.6750524 0.6337897 -0.6797597
v -0.6265295 0.6824857 -0.6085261
v -0.6760478 0.6330248 -0.6097709
v -0.6232474 0.5674635 0.6802076
v -0.6726663 0.617072 0.690042
v -0.6232057 0.6665906 0.6887972
v -0.5737865 0.6169821 0.6789629
v -0.6239028 0.5666102 0.6202157
v -0.5744421 0.6161288 0.6189709
v -0.6239703 0.6655952 0.6188085
v -0.6734312 0.6160766 0.6200532
v 0.6713586 -0.6266042 0.6830441
v 0.6218978 -0.6761228 0.6842889
v 0.6707027 -0.6274571 0.623052
v 0.6212417 -0.6769756 0.6242968
v -0.5705168 -0.6247883 0.6756989
v -0.6201253 -0.6742074 0.6855333
v -0.6696439 -0.6247466 0.6842885
v -0.6200354 -0.5753275 0.6744541
v -0.5696635 -0.6254439 0.6157069
v -0.6191821 -0.5759832 0.6144621
v -0.6686485 -0.6255114 0.6142998
v -0.6191299 -0.6749721 0.6155446
v 0.6385441 0.6848289 0.6785845
v 0.6880627 0.635368 0.6798292
v 0.6393971 0.6841732 0.6185925
v 0.6889156 0.6347123 0.6198373
v 0.6821437 -0.6246814 0.5755118
v 0.6819813 -0.6742096 0.6249783
v 0.6807365 -0.6247488 0.6744968
v 0.6808989 -0.5752206 0.6250304
v 0.612155 -0.6254461 0.5745164
v 0.6109102 -0.5759853 0.6240349
v 0.6107478 -0.6255136 0.6735014
v 0.6119926 -0.6749743 0.6239828
v 0.6850291 0.6849355 -0.633549
v 0.6862739 0.6354748 -0.6830676
v 0.6150404 0.6841708 -0.6345445
v 0.6162852 0.63471 -0.6840628
v 0.6766557 0.5774637 0.6141996
v 0.6864901 0.6270722 0.6636188
v 0.6852453 0.6765908 0.614158
v 0.6754109 0.6269823 0.5647389
v 0.6166637 0.5766104 0.6148552
v 0.6154189 0.626129 0.5653944
v 0.6152565 0.6755954 0.6149228
v 0.6165013 0.6260768 0.6643835
v 0.6794916 -0.6166039 -0.6804049
v 0.6807364 -0.6661224 -0.6309443
v 0.6194997 -0.617457 -0.6797494
v 0.6207445 -0.6669755 -0.6302885
v -0.617856 -0.6346792 0.596532
v -0.6179693 -0.6692177 0.6310275
v -0.6192141 -0.6197569 0.6805459
v -0.6191008 -0.5852184 0.6460506
v -0.6878448 -0.6354439 0.5955366
v -0.6890895 -0.5859832 0.6450551
v -0.6892028 -0.6205217 0.6795505
v -0.687958 -0.6699824 0.6300319
v -0.6149702 0.6749376 -0.6125288
v -0.6137254 0.625477 -0.6620474
v -0.6849589 0.674173 -0.6135243
v -0.6837142 0.6247121 -0.6630427
v -0.6133468 0.5676078 0.6351106
v -0.6135092 0.6170741 0.684639
v -0.614754 0.6665927 0.6351782
v -0.6145916 0.6171263 0.58565
v -0.6833355 0.5666124 0.6358753
v -0.6845803 0.6161309 0.5864146
v -0.6847427 0.6655973 0.6359429
v -0.6834979 0.6160787 0.6854036
v -0.6104617 -0.6414533 -0.6745061
v -0.6092169 -0.6909719 -0.6250454
v -0.6804504 -0.6424487 -0.6737415
v -0.6792057 -0.6919671 -0.6242806
vn 1.332176E-08 -1 1.748456E-07
vn -1.209124E-06 1.624165E-07 1
vn -3.57627E-07 1 -1.748457E-07
vn -1.33218E-08 -1 1.748456E-07
vn 1 2.131628E-14 3.576279E-07
vn -1 -2.131628E-14 -3.576279E-07
vn 3.576276E-07 -1 1.748457E-07
vn 1.332176E-08 -1 1.748456E-07
vn 1.642557E-07 -1 1.748457E-07
vn 2.614914E-07 -4.304875E-06 -1
vn -1.332176E-08 1 -1.748456E-07
vn -1.642561E-07 1 -1.748457E-07
vn 1.33218E-08 1 -1.748456E-07
vn -1 3.379327E-14 -2.765298E-07
vn 1.33218E-08 1 -1.748456E-07
vn 4.938673E-07 1.804078E-07 1
vn -1.33218E-08 -1 1.748456E-07
vn -1 -6.70369E-14 -6.191193E-07
vn 1.209123E-06 -1.804078E-07 -1
vn -1.332176E-08 1 -1.748456E-07
vn 1.209123E-06 -1.641332E-07 -1
vn -9.888319E-09 1 -1.748456E-07
vn 1.209122E-06 -4.590498E-08 -1
vn 3.298855E-07 1 -1.748455E-07
vn -7.83375E-07 -1.140102E-06 1
vn -1 -4.257465E-07 -3.340058E-07
vn 1 -2.128735E-06 -1.824617E-07
vn 3.576279E-07 -1.681847E-07 -1
vn 1 2.128736E-06 -2.882936E-07
vn -1 1.311237E-13 3.971813E-07
vn 1 2.98024E-06 2.286911E-07
vn -3.576279E-07 1.681847E-07 1
vn 1 -2.980237E-06 -6.082275E-08
vn -1 -4.411182E-15 -2.60942E-07
vn -7.83375E-07 1.596845E-06 1
vn -1.393705E-06 -1 1.748451E-07
vn 1.209123E-06 1.491633E-08 -1
vn -1 -8.51496E-07 -3.486321E-07
vn -1 -8.108089E-14 -6.994416E-07
vn 2.382823E-08 1 -1.748456E-07
vn 1 -4.257463E-07 -7.541911E-08
vn -3.095596E-07 2.715312E-07 1
vn 6.811841E-08 7.903503E-07 1
vn 1.439298E-07 1 -1.748455E-07
vn -4.938655E-07 -1.821453E-07 -1
vn 1 -2.794596E-14 3.099717E-07
vn 1 4.257462E-07 -1.520534E-07
vn 2.080673E-08 1 -1.748456E-07
vn -1 -1.27724E-06 -7.760756E-07
vn 3.576279E-07 -3.391013E-07 -1
vn -1 2.554484E-06 1.048556E-06
vn 3.576279E-07 -1.797898E-07 -1
vn -1 -1.703001E-06 2.189561E-06
vn 1 -1.24004E-13 -5.905531E-07
vn -1 -2.128739E-06 6.082279E-08
vn -2.060619E-06 1.849399E-07 1
vn -1 2.128743E-06 -2.28692E-07
vn 1 -9.019382E-14 -3.971813E-07
vn -4.938653E-07 -2.429659E-07 -1
vn 1.606575E-06 -1 1.74846E-07
vn 6.811867E-08 -3.348362E-07 1
vn 1 3.180387E-14 3.00564E-07
vn 1 4.257475E-07 -3.187019E-07
vn -3.227423E-09 -1 1.748456E-07
vn -1 -8.51496E-07 -5.169794E-07
vn -3.095596E-07 -1.827826E-07 1
vn -1 -1.277244E-06 -1.414697E-06
vn 2.039498E-08 -1 -6.766498E-07
vn 1 -4.257482E-07 9.123195E-08
vn 3.576279E-07 -1.058931E-08 -1
vn 1 5.960475E-06 2.968805E-07
vn -4.056961E-07 8.516472E-07 1
vn -1 2.800168E-13 -2.728474E-07
vn 2.614914E-07 -7.497425E-07 -1
vn 1 2.980234E-06 3.239195E-07
vn -4.537644E-07 -4.000515E-07 1
vn -1 -6.49279E-15 -2.728474E-07
vn 2.614913E-07 -1.663041E-06 -1
vn 1 4.470355E-06 3.509577E-07
vn -4.537644E-07 1.090066E-06 1
vn -1 -6.492809E-15 -2.728475E-07
vn 2.614913E-07 1.317213E-06 -1
vn 1 4.470402E-06 3.269255E-07
vn -4.537644E-07 -7.365407E-07 1
vn -1 -1.765101E-15 -2.458082E-07
vn 2.131628E-14 1 -1.748456E-07
vn 1 3.82214E-14 4.543139E-07
vn 9.888319E-09 -1 1.748456E-07
vn -1 -3.32267E-14 -4.257475E-07
vn -3.576279E-07 1.748456E-07 1
vn -3.576279E-07 7.648497E-07 1
vn 1 2.394569E-14 3.726663E-07
vn 2.614914E-07 -2.715315E-07 -1
vn -2.131628E-14 -1 1.748456E-07
vn -1.33218E-08 -1 1.748456E-07
vn 1 3.322669E-14 4.257475E-07
vn 1.33218E-08 1 -1.748456E-07
vn 3.576279E-07 -1.748456E-07 -1
vn -4.938645E-07 1.261753E-06 -1
vn 1 -2.128748E-06 3.121326E-06
vn -1.63487E-06 -2.071884E-06 1
vn 1.751648E-07 1 -1.748455E-07
vn 3.576279E-07 4.67426E-07 -1
vn 1 -2.98023E-06 -2.535022E-06
vn 4.938655E-07 -3.652468E-07 1
vn 2.35986E-07 1 -1.748455E-07
vn -7.833747E-07 2.128424E-06 1
vn -1 -2.980232E-06 -1.965739E-06
vn -6.811904E-08 -2.360752E-06 -1
vn -2.968067E-07 1 -1.748457E-07
vn 6.811992E-08 -4.297188E-07 1
vn -1 -1.702995E-06 2.846457E-07
vn 1.63487E-06 -1.171093E-06 -1
vn -2.359857E-07 1 -1.748457E-07
vn 7.833756E-07 -3.071151E-06 -1
vn -1 2.128742E-06 2.469329E-07
vn -3.576279E-07 1.904596E-06 1
vn -2.968067E-07 -1 1.748455E-07
vn 3.576279E-07 1.706958E-06 -1
vn -1 1.702988E-06 7.335017E-07
vn 4.938674E-07 -1.809135E-06 1
vn -2.359856E-07 -1 1.748455E-07
vn -1.634871E-06 -1.991607E-06 1
vn 1 2.128741E-06 -6.447105E-08
vn 7.833756E-07 2.892974E-06 -1
vn 2.968071E-07 -1 1.748457E-07
vn -2.486366E-06 1.722136E-06 1
vn 1 2.128741E-06 -2.469326E-07
vn 1.634871E-06 -1.213214E-07 -1
vn 3.576278E-07 -1 1.748457E-07
vn -0.0109251 0.9998394 0.01421991
vn 0.0109251 -0.9998394 -0.01421991
vn 0.7065824 0.01778166 -0.7074075
vn -0.7065824 -0.01778166 0.7074075
vn -0.01092587 0.9998394 0.01421997
vn 0.7075466 -0.002319157 0.7066629
vn -0.7065816 -0.0177811 0.7074084
vn 0.01092586 -0.9998394 -0.01421996
vn 0.7065816 0.01778182 -0.7074084
vn -0.7075466 0.002319157 -0.7066629
vn 0.01422 0.9998394 0.01092476
vn -0.01422 -0.9998394 -0.01092476
vn -0.7074075 0.01778167 -0.7065824
vn 0.7074075 -0.01778167 0.7065824
vn 0.01422006 0.9998394 0.01092553
vn 0.706663 -0.002319425 -0.7075468
vn 0.7074084 -0.01778112 0.7065815
vn -0.01422005 -0.9998394 -0.01092551
vn -0.7074084 0.01778184 -0.7065815
vn -0.706663 0.002319425 0.7075468
vn 0.01092497 0.9998393 -0.01422024
vn 0.09062833 -0.9891778 0.1153869
vn -0.7065823 0.01778188 0.7074075
vn 0.7065823 -0.01778188 -0.7074075
vn 0.01092574 0.9998392 -0.0142203
vn -0.7075466 -0.002319306 -0.7066631
vn 0.7065815 -0.01778133 -0.7074084
vn -0.01092572 -0.9998392 0.01422029
vn -0.7065815 0.01778205 0.7074084
vn 0.7075479 0.002330199 0.7066617
vn 0.01421994 0.9998394 0.01092491
vn -0.01421994 -0.9998394 -0.01092491
vn -0.7074075 0.01778173 -0.7065824
vn 0.7074075 -0.01778173 0.7065824
vn 0.01422 0.9998394 0.01092568
vn 0.706663 -0.002319306 -0.7075468
vn 0.7074084 -0.01778118 0.7065815
vn -0.01421999 -0.9998394 -0.01092566
vn -0.7074084 0.0177819 -0.7065815
vn -0.706663 0.002319306 0.7075468
vn -0.01092486 0.01421994 -0.9998393
vn 0.01092486 -0.01421994 0.9998393
vn 0.7065824 -0.7074074 -0.01778135
vn -0.7065824 0.7074074 0.01778135
vn -0.01092563 0.01422 -0.9998393
vn 0.7075466 0.706663 0.002319187
vn -0.7065815 0.7074082 0.01778079
vn 0.01092562 -0.01421999 0.9998393
vn 0.7065815 -0.7074082 -0.01778151
vn -0.7075466 -0.706663 -0.002319187
vn 0.01422025 0.01092488 -0.9998393
vn -0.01422025 -0.01092488 0.9998393
vn -0.7074075 -0.7065823 -0.01778173
vn 0.7074075 0.7065823 0.01778173
vn 0.01422031 0.01092565 -0.9998393
vn 0.706663 -0.7075466 0.00231941
vn 0.7074083 0.7065814 0.01778118
vn -0.01422031 -0.01092563 0.9998393
vn -0.7074083 -0.7065814 -0.0177819
vn -0.706663 0.7075466 -0.00231941
vn 0.1108607 -0.08584392 0.9901217
vn -0.01092449 -0.01421997 -0.9998394
vn -0.7065823 -0.7074075 0.01778135
vn 0.7065823 0.7074075 -0.01778135
vn 0.01092526 0.01422003 0.9998394
vn -0.7075468 0.7066629 -0.002319559
vn 0.7065814 0.7074084 -0.01778079
vn -0.01092525 -0.01422002 -0.9998394
vn -0.7065814 -0.7074084 0.01778151
vn 0.7075478 -0.7066619 0.002308345
vn 0.0858436 0.1108613 0.9901216
vn 0.01422048 -0.01092485 -0.9998392
vn 0.7074076 -0.7065821 0.01778179
vn -0.7074076 0.7065821 -0.01778179
vn -0.01422053 0.01092562 0.9998392
vn -0.7066628 -0.7075467 -0.002319634
vn -0.7074085 0.7065813 -0.01778124
vn 0.01422053 -0.0109256 -0.9998392
vn 0.7074085 -0.7065813 0.01778196
vn 0.7066628 0.7075467 0.002319634
vn 0.9998392 0.01092486 0.01422039
vn -0.9998392 -0.01092486 -0.01422039
vn 0.01778178 -0.7065823 -0.7074074
vn -0.01778178 0.7065823 0.7074074
vn 0.9998392 0.01092563 0.01422045
vn -0.002319551 -0.7075465 0.706663
vn -0.01778122 0.7065814 0.7074082
vn -0.9998392 -0.01092561 -0.01422044
vn 0.01778194 -0.7065814 -0.7074082
vn 0.002319551 0.7075465 -0.706663
vn 0.9901215 -0.08584382 -0.1108608
vn -0.9998392 -0.01421997 0.01092464
vn 0.01778133 -0.7074074 0.7065824
vn -0.01778133 0.7074074 -0.7065824
vn 0.9998392 0.01422003 -0.01092541
vn -0.002319408 0.706663 0.7075465
vn -0.01778077 0.7074082 -0.7065815
vn -0.9998392 -0.01422002 0.0109254
vn 0.01778149 -0.7074082 0.7065815
vn 0.002319408 -0.706663 -0.7075465
vn 0.9998392 0.01092468 0.01422056
vn -0.9998392 -0.01092468 -0.01422056
vn 0.01778178 -0.7065823 -0.7074074
vn -0.01778178 0.7065823 0.7074074
vn 0.9998392 0.01092546 0.01422062
vn -0.002319797 -0.7075465 0.706663
vn -0.01778122 0.7065814 0.7074082
vn -0.9998392 -0.01092544 -0.01422062
vn 0.01778194 -0.7065814 -0.7074082
vn 0.002319797 0.7075465 -0.706663
vn 0.9998392 0.0142198 -0.01092447
vn -0.9998392 -0.0142198 0.01092447
vn 0.01778108 -0.7074074 0.7065824
vn -0.01778108 0.7074074 -0.7065824
vn 0.9998392 0.01421985 -0.01092524
vn -0.002319408 0.706663 0.7075465
vn -0.01778053 0.7074082 -0.7065815
vn -0.9998392 -0.01421985 0.01092522
vn 0.01778124 -0.7074082 0.7065815
vn 0.002319408 -0.706663 -0.7075465
usemtl mat19
f 4//1 3//1 2//1 1//1
f 8//2 7//2 6//2 5//2
f 9//3 8//3 5//3 1//3
f 13//4 12//4 11//4 10//4
f 5//5 6//5 10//5 1//5
f 11//6 15//6 14//6 2//6
f 17//7 16//7 15//7 11//7
f 19//8 18//8 6//8 15//8
f 7//9 20//9 10//9 6//9
f 24//10 23//10 22//10 21//10
f 26//11 25//11 14//11 5//11
f 28//12 27//12 2//12 14//12
f 3//13 4//13 1//13 2//13
f 1//14 5//14 30//14 29//14
f 18//15 19//15 15//15 6//15
f 16//16 28//16 14//16 15//16
f 25//17 26//17 5//17 14//17
f 5//18 6//18 18//18 26//18
f 27//19 17//19 11//19 2//19
f 12//20 13//20 10//20 11//20
f 20//21 9//21 1//21 10//21
f 1//22 2//22 3//22 4//22
f 16//23 32//23 31//23 15//23
f 32//24 33//24 22//24 31//24
f 33//25 17//25 11//25 22//25
f 33//26 32//26 16//26 17//26
f 35//27 34//27 25//27 14//27
f 37//28 36//28 19//28 25//28
f 38//29 31//29 15//29 19//29
f 36//30 37//30 28//30 16//30
f 22//31 39//31 12//31 11//31
f 41//32 40//32 3//32 12//32
f 43//33 42//33 2//33 3//33
f 40//34 41//34 17//34 27//34
f 27//35 44//35 42//35 2//35
f 44//36 45//36 35//36 42//36
f 45//37 28//37 14//37 35//37
f 45//38 44//38 27//38 28//38
f 12//39 39//39 22//39 11//39
f 39//40 46//40 21//40 22//40
f 46//41 13//41 10//41 21//41
f 46//42 39//42 12//42 13//42
f 20//43 47//43 21//43 10//43
f 47//44 49//44 48//44 21//44
f 49//45 7//45 6//45 48//45
f 49//46 47//46 20//46 7//46
f 18//47 50//47 48//47 6//47
f 50//48 38//48 31//48 48//48
f 38//49 19//49 15//49 31//49
f 38//50 50//50 18//50 19//50
f 48//51 50//51 18//51 6//51
f 52//52 51//52 26//52 18//52
f 53//53 30//53 5//53 26//53
f 51//54 52//54 7//54 8//54
f 29//55 54//55 4//55 1//55
f 56//56 55//56 13//56 4//56
f 46//57 21//57 10//57 13//57
f 55//58 56//58 9//58 20//58
f 8//59 57//59 30//59 5//59
f 57//60 58//60 29//60 30//60
f 58//61 9//61 1//61 29//61
f 58//62 57//62 8//62 9//62
f 4//63 54//63 29//63 1//63
f 54//64 43//64 42//64 29//64
f 43//65 3//65 2//65 42//65
f 43//66 54//66 4//66 3//66
f 25//67 34//67 35//67 14//67
f 34//68 53//68 30//68 35//68
f 53//69 26//69 5//69 30//69
f 53//70 34//70 25//70 26//70
f 23//71 59//71 31//71 22//71
f 59//72 60//72 48//72 31//72
f 60//73 24//73 21//73 48//73
f 62//74 61//74 23//74 24//74
f 61//75 63//75 59//75 23//75
f 63//76 64//76 60//76 59//76
f 64//77 62//77 24//77 60//77
f 66//78 65//78 61//78 62//78
f 65//79 67//79 63//79 61//79
f 67//80 68//80 64//80 63//80
f 68//81 66//81 62//81 64//81
f 10//82 11//82 65//82 66//82
f 11//83 15//83 67//83 65//83
f 15//84 6//84 68//84 67//84
f 6//85 10//85 66//85 68//85
f 6//86 15//86 11//86 10//86
f 2//87 11//87 12//87 3//87
f 11//88 10//88 13//88 12//88
f 10//89 1//89 4//89 13//89
f 10//90 11//90 2//90 1//90
f 5//91 14//91 35//91 30//91
f 14//92 2//92 42//92 35//92
f 2//93 1//93 29//93 42//93
f 2//94 14//94 5//94 1//94
f 6//95 15//95 19//95 18//95
f 15//96 14//96 25//96 19//96
f 14//97 5//97 26//97 25//97
f 14//98 15//98 6//98 5//98
f 21//99 47//99 20//99 10//99
f 47//100 69//100 55//100 20//100
f 69//101 46//101 13//101 55//101
f 69//102 47//102 21//102 46//102
f 50//103 70//103 52//103 18//103
f 70//104 49//104 7//104 52//104
f 49//105 48//105 6//105 7//105
f 49//106 70//106 50//106 48//106
f 31//107 32//107 16//107 15//107
f 32//108 71//108 36//108 16//108
f 71//109 38//109 19//109 36//109
f 71//110 32//110 31//110 38//110
f 39//111 72//111 41//111 12//111
f 72//112 33//112 17//112 41//112
f 33//113 22//113 11//113 17//113
f 33//114 72//114 39//114 22//114
f 42//115 44//115 27//115 2//115
f 44//116 73//116 40//116 27//116
f 73//117 43//117 3//117 40//117
f 73//118 44//118 42//118 43//118
f 34//119 74//119 37//119 25//119
f 74//120 45//120 28//120 37//120
f 45//121 35//121 14//121 28//121
f 45//122 74//122 34//122 35//122
f 30//123 57//123 8//123 5//123
f 57//124 75//124 51//124 8//124
f 75//125 53//125 26//125 51//125
f 75//126 57//126 30//126 53//126
f 54//127 76//127 56//127 4//127
f 76//128 58//128 9//128 56//128
f 58//129 29//129 1//129 9//129
f 58//130 76//130 54//130 29//130
usemtl mat18
f 80//131 79//131 78//131 77//131
f 84//132 83//132 82//132 81//132
f 78//133 84//133 81//133 77//133
f 82//134 83//134 79//134 80//134
f 86//135 85//135 80//135 77//135
f 79//136 83//136 84//136 78//136
f 85//137 87//137 82//137 80//137
f 87//138 88//138 81//138 82//138
f 88//139 86//139 77//139 81//139
f 88//140 87//140 85//140 86//140
f 92//141 91//141 90//141 89//141
f 96//142 95//142 94//142 93//142
f 90//143 96//143 93//143 89//143
f 94//144 95//144 91//144 92//144
f 98//145 97//145 92//145 89//145
f 91//146 95//146 96//146 90//146
f 97//147 99//147 94//147 92//147
f 99//148 100//148 93//148 94//148
f 100//149 98//149 89//149 93//149
f 100//150 99//150 97//150 98//150
f 104//151 103//151 102//151 101//151
f 108//152 107//152 106//152 105//152
f 102//153 108//153 105//153 101//153
f 106//154 107//154 103//154 104//154
f 110//155 109//155 104//155 101//155
f 103//156 107//156 108//156 102//156
f 109//157 111//157 106//157 104//157
f 111//158 112//158 105//158 106//158
f 112//159 110//159 101//159 105//159
f 112//160 111//160 109//160 110//160
f 116//161 115//161 114//161 113//161
f 120//162 119//162 118//162 117//162
f 114//163 120//163 117//163 113//163
f 118//164 119//164 115//164 116//164
f 122//165 121//165 116//165 113//165
f 115//166 119//166 120//166 114//166
f 121//167 123//167 118//167 116//167
f 123//168 124//168 117//168 118//168
f 124//169 122//169 113//169 117//169
f 124//170 123//170 121//170 122//170
f 128//171 127//171 126//171 125//171
f 132//172 131//172 130//172 129//172
f 126//173 132//173 129//173 125//173
f 130//174 131//174 127//174 128//174
f 134//175 133//175 128//175 125//175
f 127//176 131//176 132//176 126//176
f 133//177 135//177 130//177 128//177
f 135//178 136//178 129//178 130//178
f 136//179 134//179 125//179 129//179
f 136//180 135//180 133//180 134//180
f 140//181 139//181 138//181 137//181
f 144//182 143//182 142//182 141//182
f 138//183 144//183 141//183 137//183
f 142//184 143//184 139//184 140//184
f 146//185 145//185 140//185 137//185
f 139//186 143//186 144//186 138//186
f 145//187 147//187 142//187 140//187
f 147//188 148//188 141//188 142//188
f 148//189 146//189 137//189 141//189
f 148//190 147//190 145//190 146//190
f 152//191 151//191 150//191 149//191
f 156//192 155//192 154//192 153//192
f 150//193 156//193 153//193 149//193
f 154//194 155//194 151//194 152//194
f 158//195 157//195 152//195 149//195
f 151//196 155//196 156//196 150//196
f 157//197 159//197 154//197 152//197
f 159//198 160//198 153//198 154//198
f 160//199 158//199 149//199 153//199
f 160//200 159//200 157//200 158//200
f 164//201 163//201 162//201 161//201
f 168//202 167//202 166//202 165//202
f 162//203 168//203 165//203 161//203
f 166//204 167//204 163//204 164//204
f 170//205 169//205 164//205 161//205
f 163//206 167//206 168//206 162//206
f 169//207 171//207 166//207 164//207
f 171//208 172//208 165//208 166//208
f 172//209 170//209 161//209 165//209
f 172//210 171//210 169//210 170//210
f 176//211 175//211 174//211 173//211
f 180//212 179//212 178//212 177//212
f 174//213 180//213 177//213 173//213
f 178//214 179//214 175//214 176//214
f 182//215 181//215 176//215 173//215
f 175//216 179//216 180//216 174//216
f 181//217 183//217 178//217 176//217
f 183//218 184//218 177//218 178//218
f 184//219 182//219 173//219 177//219
f 184//220 183//220 181//220 182//220
f 188//221 187//221 186//221 185//221
f 192//222 191//222 190//222 189//222
f 186//223 192//223 189//223 185//223
f 190//224 191//224 187//224 188//224
f 194//225 193//225 188//225 185//225
f 187//226 191//226 192//226 186//226
f 193//227 195//227 190//227 188//227
f 195//228 196//228 189//228 190//228
f 196//229 194//229 185//229 189//229
f 196//230 195//230 193//230 194//230
f 200//231 199//231 198//231 197//231
f 204//232 203//232 202//232 201//232
f 198//233 204//233 201//233 197//233
f 202//234 203//234 199//234 200//234
f 206//235 205//235 200//235 197//235
f 199//236 203//236 204//236 198//236
f 205//237 207//237 202//237 200//237
f 207//238 208//238 201//238 202//238
f 208//239 206//239 197//239 201//239
f 208//240 207//240 205//240 206//240
f 212//241 211//241 210//241 209//241
f 216//242 215//242 214//242 213//242
f 210//243 216//243 213//243 209//243
f 214//244 215//244 211//244 212//244
f 218//245 217//245 212//245 209//245
f 211//246 215//246 216//246 210//246
f 217//247 219//247 214//247 212//247
f 219//248 220//248 213//248 214//248
f 220//249 218//249 209//249 213//249
f 220//250 219//250 217//250 218//250
